50241		000010110111010110001011010110000100111101010011101011001010011011001010011010010011110100101100101100110010000111011101110010	   
54678		000100111011110011010000001110111110000101010010110111001101000100110011110000011110010100110011111110110011111	   
41275		11010010101100011000101111010011010001000111101001100101110100101011000110011011001100110010100011001110010001	   
44974		00011100100100111100011101011000111011010101000011100001000110101100100100110101010000110101010001100010100110	   
47478		011000100011100011010011011100101000110011001111001001110101111000000111010111100111010101001011110010001100111	   
58622		1100111010100111001110100110001101000111100110010100011000110110101111011101010011010101110101011000010011011	   
53096		010001110010000010101110111100010100001101101001111111010111111100010100110100100011101100101011001000011010	   
57134		00010000111100000011111000001111111000000000111111100001110001110000011011000011111111100001111110000111000111	   
45342		100101110100111001100011100101111010011100110010100111011000100011100010011010000110101011110101110100011011001	   
48286		100011010000011001110001100011110010101001101100010001110111001011011000010011100011001101011001110010011100111	   
56640		10110100110100111100010101100001100101001100011010110011000001011010101101110011010001111010111110101001100011	   
52665		00101011010001100111101000001101011110011010011001111001100000111011110010111110010000011101111001110001111100011	   
58622		0001010010000011111010100001111100010101011111111010000111110101100110010101110110111001010001010100001110110110	   
58650		101101001000111010111000101001111001100001100110011000101000110010011111100010101101100011100000010001000011010	   
51206		011100111100111100100011101011001100111110000100110000111110011100010001111100001111110011110001111111011110000111	   
56868		11111000001011101111000110000010100111011010000101111000011110100100011111010111000110011111101001101101100000111	   
57776		011010011100101110010011100101011100100110000110101110110011100001101100111001010011000101110110010100110111001	   
56943		111001011100111010001101111000001011101100001001011011010110011100000011101111001010011000101110100001011001101	   
59023		011001011000101011001110010011000011101101001111000101011110100011101010001110001101011001001100001110101001011	   
40260		1101001011001011110011011100001011110011100101000010111011010011111000000101100011011110101110001110111000110011	   
51873		110101110001001110111010010001010011101010010001111001100101110010101101100010000001101101011000001110001011000	   
47924		00101101011101001010100110111001000100101010111010100101100101010111100101101010111101000100100011010110010111	   
43259		1011010001101011000011100100111101001101000110110010100110101011001001011101100010110110110001101101011001110010	   
58249		1011011101000010111101001110011111001100011111100111011100111110001101111110000110111110010000010110111101110001110	   
51702		1100100011100001010010011110001010010011111001000100011110011100011101001100111010101110111100001010010010010010	   
51791		11111110001101110011011010110111110101100101101101010110111011011110100100110110010101100101101011000100110010001	   
42055		0010111010011011001010001101001110110010100100110110110110010100110101001010010110101110011011001010110011001101	 
